image: map_20260630_221610.pgm
resolution: 0.050000
origin: [-1.565829, -3.057434, 0.000000]
negate: 0
occupied_thresh: 0.65
free_thresh: 0.25
