image: map_20260630_221458.pgm
resolution: 0.050000
origin: [-2.281140, -1.478355, 0.000000]
negate: 0
occupied_thresh: 0.65
free_thresh: 0.25
